At time 1696965874.601911002
- Translation: [0.000, 0.000, 0.000]
- Rotation: in Quaternion [0.000, 0.000, -0.707, 0.707]
- Rotation: in RPY (radian) [0.000, 0.000, -1.571]
- Rotation: in RPY (degree) [0.000, 0.000, -89.999]
- Matrix:
  0.000  1.000  0.000  0.000
 -1.000  0.000 -0.000  0.000
 -0.000  0.000  1.000  0.000
  0.000  0.000  0.000  1.000
At time 1696965875.737704541
- Translation: [0.000, 0.000, 0.000]
- Rotation: in Quaternion [0.000, 0.000, -0.707, 0.707]
- Rotation: in RPY (radian) [0.000, 0.000, -1.571]
- Rotation: in RPY (degree) [0.000, 0.000, -89.999]
- Matrix:
  0.000  1.000  0.000  0.000
 -1.000  0.000 -0.000  0.000
 -0.000  0.000  1.000  0.000
  0.000  0.000  0.000  1.000
At time 1696965876.746289423
- Translation: [0.000, 0.000, 0.000]
- Rotation: in Quaternion [0.000, 0.000, -0.707, 0.707]
- Rotation: in RPY (radian) [0.000, 0.000, -1.571]
- Rotation: in RPY (degree) [0.000, 0.000, -89.999]
- Matrix:
  0.000  1.000  0.000  0.000
 -1.000  0.000 -0.000  0.000
 -0.000  0.000  1.000  0.000
  0.000  0.000  0.000  1.000
At time 1696965877.737748437
- Translation: [-0.269, -0.407, 0.000]
- Rotation: in Quaternion [0.000, 0.000, 0.877, -0.481]
- Rotation: in RPY (radian) [0.000, -0.000, -2.138]
- Rotation: in RPY (degree) [0.000, -0.000, -122.504]
- Matrix:
 -0.537  0.843  0.000 -0.269
 -0.843 -0.537  0.000 -0.407
  0.000  0.000  1.000  0.000
  0.000  0.000  0.000  1.000
At time 1696965878.745632280
- Translation: [1.305, 0.493, 0.000]
- Rotation: in Quaternion [0.000, 0.000, 0.394, 0.919]
- Rotation: in RPY (radian) [0.000, -0.000, 0.810]
- Rotation: in RPY (degree) [0.000, -0.000, 46.414]
- Matrix:
  0.689 -0.724  0.000  1.305
  0.724  0.689  0.000  0.493
  0.000  0.000  1.000  0.000
  0.000  0.000  0.000  1.000
At time 1696965879.738341562
- Translation: [2.182, 1.058, 0.000]
- Rotation: in Quaternion [0.000, 0.000, 0.261, 0.965]
- Rotation: in RPY (radian) [0.000, -0.000, 0.527]
- Rotation: in RPY (degree) [0.000, -0.000, 30.201]
- Matrix:
  0.864 -0.503  0.000  2.182
  0.503  0.864  0.000  1.058
  0.000  0.000  1.000  0.000
  0.000  0.000  0.000  1.000
At time 1696965880.745776472
- Translation: [2.539, 0.668, 0.000]
- Rotation: in Quaternion [0.000, 0.000, 0.356, 0.934]
- Rotation: in RPY (radian) [0.000, -0.000, 0.729]
- Rotation: in RPY (degree) [0.000, -0.000, 41.744]
- Matrix:
  0.746 -0.666  0.000  2.539
  0.666  0.746  0.000  0.668
  0.000  0.000  1.000  0.000
  0.000  0.000  0.000  1.000
At time 1696965881.737714612
- Translation: [2.484, 1.158, 0.000]
- Rotation: in Quaternion [0.000, 0.000, 0.466, 0.885]
- Rotation: in RPY (radian) [0.000, -0.000, 0.970]
- Rotation: in RPY (degree) [0.000, -0.000, 55.555]
- Matrix:
  0.566 -0.825  0.000  2.484
  0.825  0.566  0.000  1.158
  0.000  0.000  1.000  0.000
  0.000  0.000  0.000  1.000
At time 1696965882.745863379
- Translation: [2.072, 1.553, 0.000]
- Rotation: in Quaternion [0.000, 0.000, 0.537, 0.843]
- Rotation: in RPY (radian) [0.000, -0.000, 1.134]
- Rotation: in RPY (degree) [0.000, -0.000, 64.989]
- Matrix:
  0.423 -0.906  0.000  2.072
  0.906  0.423  0.000  1.553
  0.000  0.000  1.000  0.000
  0.000  0.000  0.000  1.000
At time 1696965883.738251660
- Translation: [3.064, 1.467, 0.000]
- Rotation: in Quaternion [0.000, 0.000, 0.265, 0.964]
- Rotation: in RPY (radian) [0.000, -0.000, 0.536]
- Rotation: in RPY (degree) [0.000, -0.000, 30.683]
- Matrix:
  0.860 -0.510  0.000  3.064
  0.510  0.860  0.000  1.467
  0.000  0.000  1.000  0.000
  0.000  0.000  0.000  1.000
At time 1696965884.746117320
- Translation: [2.813, 0.928, 0.000]
- Rotation: in Quaternion [0.000, 0.000, 0.411, 0.912]
- Rotation: in RPY (radian) [0.000, -0.000, 0.847]
- Rotation: in RPY (degree) [0.000, -0.000, 48.526]
- Matrix:
  0.662 -0.749  0.000  2.813
  0.749  0.662  0.000  0.928
  0.000  0.000  1.000  0.000
  0.000  0.000  0.000  1.000
At time 1696965885.738113301
- Translation: [2.117, 1.178, 0.000]
- Rotation: in Quaternion [0.000, 0.000, 0.602, 0.799]
- Rotation: in RPY (radian) [0.000, -0.000, 1.292]
- Rotation: in RPY (degree) [0.000, -0.000, 74.015]
- Matrix:
  0.275 -0.961  0.000  2.117
  0.961  0.275  0.000  1.178
  0.000  0.000  1.000  0.000
  0.000  0.000  0.000  1.000
At time 1696965886.746054239
- Translation: [1.796, 1.647, 0.000]
- Rotation: in Quaternion [0.000, 0.000, 0.566, 0.825]
- Rotation: in RPY (radian) [0.000, -0.000, 1.203]
- Rotation: in RPY (degree) [0.000, -0.000, 68.918]
- Matrix:
  0.360 -0.933  0.000  1.796
  0.933  0.360  0.000  1.647
  0.000  0.000  1.000  0.000
  0.000  0.000  0.000  1.000
At time 1696965887.738342083
- Translation: [2.187, 0.954, 0.000]
- Rotation: in Quaternion [0.000, 0.000, 0.258, 0.966]
- Rotation: in RPY (radian) [0.000, -0.000, 0.523]
- Rotation: in RPY (degree) [0.000, -0.000, 29.951]
- Matrix:
  0.866 -0.499  0.000  2.187
  0.499  0.866  0.000  0.954
  0.000  0.000  1.000  0.000
  0.000  0.000  0.000  1.000
At time 1696965888.745768801
- Translation: [2.774, 0.450, 0.000]
- Rotation: in Quaternion [0.000, 0.000, 0.066, 0.998]
- Rotation: in RPY (radian) [0.000, -0.000, 0.133]
- Rotation: in RPY (degree) [0.000, -0.000, 7.594]
- Matrix:
  0.991 -0.132  0.000  2.774
  0.132  0.991  0.000  0.450
  0.000  0.000  1.000  0.000
  0.000  0.000  0.000  1.000
At time 1696965889.737725828
- Translation: [2.150, 0.687, 0.000]
- Rotation: in Quaternion [0.000, 0.000, 0.332, 0.943]
- Rotation: in RPY (radian) [0.000, -0.000, 0.677]
- Rotation: in RPY (degree) [0.000, -0.000, 38.795]
- Matrix:
  0.779 -0.627  0.000  2.150
  0.627  0.779  0.000  0.687
  0.000  0.000  1.000  0.000
  0.000  0.000  0.000  1.000
At time 1696965890.746288513
- Translation: [2.050, 1.200, 0.000]
- Rotation: in Quaternion [0.000, 0.000, 0.482, 0.876]
- Rotation: in RPY (radian) [0.000, -0.000, 1.007]
- Rotation: in RPY (degree) [0.000, -0.000, 57.674]
- Matrix:
  0.535 -0.845  0.000  2.050
  0.845  0.535  0.000  1.200
  0.000  0.000  1.000  0.000
  0.000  0.000  0.000  1.000
At time 1696965891.738293286
- Translation: [2.084, 0.837, 0.000]
- Rotation: in Quaternion [0.000, 0.000, 0.260, 0.966]
- Rotation: in RPY (radian) [0.000, -0.000, 0.527]
- Rotation: in RPY (degree) [0.000, -0.000, 30.187]
- Matrix:
  0.864 -0.503  0.000  2.084
  0.503  0.864  0.000  0.837
  0.000  0.000  1.000  0.000
  0.000  0.000  0.000  1.000
At time 1696965892.746329338
- Translation: [1.144, 0.204, 0.000]
- Rotation: in Quaternion [0.000, 0.000, 0.071, 0.997]
- Rotation: in RPY (radian) [0.000, -0.000, 0.143]
- Rotation: in RPY (degree) [0.000, -0.000, 8.190]
- Matrix:
  0.990 -0.142  0.000  1.144
  0.142  0.990  0.000  0.204
  0.000  0.000  1.000  0.000
  0.000  0.000  0.000  1.000
